[ 8750.481031] [Project 1] 5843 1588171175.935904659 1588171176.839094463
[ 8752.082556] [Project 1] 5844 1588171177.636876630 1588171178.440613982
[ 8753.699031] [Project 1] 5845 1588171179.224851871 1588171180.057083075
[ 8755.938063] [Project 1] 5846 1588171181.087215713 1588171182.296107390
[ 8758.478624] [Project 1] 5847 1588171183.538496640 1588171184.836659606
[ 8761.059161] [Project 1] 5850 1588171186.088241243 1588171187.417167764
[ 8763.574595] [Project 1] 5853 1588171188.657482570 1588171189.932613810
[ 8766.188936] [Project 1] 5854 1588171191.224274048 1588171192.546945552
[ 8768.805857] [Project 1] 5855 1588171193.794038614 1588171195.163858354
[ 8771.729706] [Project 1] 5856 1588171196.659740399 1588171198.087698387
